inst/extdata/ctd_data.cnv
* Sea-Bird SBE 9 Data File:
* FileName = C:\glacial_front_2017\hex\Kc4-Kb5.hex
* Software Version Seasave V 7.21b
* Temperature SN = 2400
* Conductivity SN = 3234
* Number of Bytes Per Scan = 48
* Number of Voltage Words = 5
* Number of Scans Averaged by the Deck Unit = 1
* NMEA Latitude = 78 53.77 N
* NMEA Longitude = 012 26.56 E
* NMEA UTC (Time) = Jul 27 2017 22:15:42
* NMEA baud rate = 4800
** Glacial Front 2017
** R/V Lance
** Echosounder Depth: 80.0
** Position:
# nquan = 10
# nvalues = 72                          
# units = specified
# name 0 = prDM: Pressure, Digiquartz [db]
# name 1 = potemp090C: Potential Temperature [ITS-90, deg C]
# name 2 = sal00: Salinity, Practical [PSU]
# name 3 = sigma-é00: Density [sigma-theta, Kg/m^3]
# name 4 = flECO-AFL: Fluorescence, Wetlab ECO-AFL/FL [mg/m^3]
# name 5 = sbeox0ML/L: Oxygen, SBE 43 [ml/l]
# name 6 = t090C: Temperature [ITS-90, deg C]
# name 7 = par: PAR/Irradiance, Biospherical/Licor
# name 8 = spar: SPAR/Surface Irradiance
# name 9 = flag: flag
# span 0 =      1.000,     72.000       
# span 1 =     1.7702,     6.0338       
# span 2 =    31.6732,    34.9306       
# span 3 =    25.0953,    27.9319       
# span 4 =    -0.0337,     0.7950       
# span 5 =    6.40674,    7.41200       
# span 6 =     1.7738,     6.0352       
# span 7 = -1.636e-02, 2.9696e+00       
# span 8 = 1.0136e+02, 1.1339e+02       
# span 9 = 0.0000e+00, 0.0000e+00       
# interval = decibars: 1                
# start_time = Jul 27 2017 22:15:42
# bad_flag = -9.990e-29
*END*
      1.000     4.4597    31.7254    25.1367     0.3581    7.40115     4.4597 2.9696e+00 1.0368e+02 0.0000e+00
      2.000     4.4489    31.6779    25.1000     0.3250    7.41200     4.4490 3.3047e-01 1.1133e+02 0.0000e+00
      3.000     4.4590    31.6732    25.0953     0.3407    7.40650     4.4592 -1.636e-02 1.0507e+02 0.0000e+00
      4.000     4.4695    31.7450    25.1512     0.3443    7.40552     4.4697 2.9264e-04 1.0712e+02 0.0000e+00
      5.000     4.4298    31.9286    25.3010     0.3254    7.39083     4.4301 1.0000e-12 1.0869e+02 0.0000e+00
      6.000     4.4612    32.1911    25.5061     0.5063    7.37816     4.4616 1.0000e-12 1.1088e+02 0.0000e+00
      7.000     4.4830    32.2864    25.5795     0.5250    7.35545     4.4835 1.0000e-12 1.0943e+02 0.0000e+00
      8.000     4.5120    32.3385    25.6178     0.5430    7.33643     4.5126 1.0000e-12 1.0795e+02 0.0000e+00
      9.000     4.5004    32.5828    25.8129     0.5781    7.31902     4.5010 1.0000e-12 1.0976e+02 0.0000e+00
     10.000     4.6109    32.9935    26.1271     0.5373    7.25054     4.6112 1.0000e-12 1.1339e+02 0.0000e+00
     11.000     5.4516    33.4122    26.3639     0.5356    7.14716     5.4527 1.0000e-12 1.1118e+02 0.0000e+00
     12.000     5.6723    33.5166    26.4207     0.6524    7.15016     5.6733 1.0000e-12 1.0994e+02 0.0000e+00
     13.000     5.6691    33.5235    26.4265     0.6844    7.01341     5.6701 1.0000e-12 1.0970e+02 0.0000e+00
     14.000     5.7234    33.5757    26.4612     0.7950    6.97675     5.7245 1.0000e-12 1.1108e+02 0.0000e+00
     15.000     5.9418    33.7090    26.5398     0.7091    6.96316     5.9433 1.0000e-12 1.0946e+02 0.0000e+00
     16.000     5.8907    33.7368    26.5680     0.6468    6.96731     5.8919 1.0000e-12 1.0847e+02 0.0000e+00
     17.000     5.9733    33.8183    26.6222     0.6261    6.90752     5.9748 1.0000e-12 1.1185e+02 0.0000e+00
     18.000     6.0338    33.8919    26.6728     0.5242    6.91488     6.0352 1.0000e-12 1.0858e+02 0.0000e+00
     19.000     5.8897    33.9047    26.7009     0.5766    6.90951     5.8912 1.0000e-12 1.0867e+02 0.0000e+00
     20.000     5.9178    33.9392    26.7247     0.4765    6.90425     5.9195 1.0000e-12 1.0925e+02 0.0000e+00
     21.000     5.6762    33.9288    26.7455     0.5025    6.96040     5.6773 1.0000e-12 1.1142e+02 0.0000e+00
     22.000     4.8663    33.9598    26.8654     0.4145    6.97267     4.8688 1.0000e-12 1.1204e+02 0.0000e+00
     23.000     4.5450    33.9270    26.8752     0.3327    7.00554     4.5467 1.0000e-12 1.1025e+02 0.0000e+00
     24.000     4.5253    33.9260    26.8765     0.2883    7.07317     4.5270 1.0000e-12 1.0633e+02 0.0000e+00
     25.000     5.2380    34.0862    26.9219     0.2379    6.98825     5.2399 1.0000e-12 1.0611e+02 0.0000e+00
     26.000     5.7522    34.2223    26.9693     0.2853    7.09001     5.7543 1.0000e-12 1.1140e+02 0.0000e+00
     27.000     5.6559    34.2169    26.9767     0.2609    6.97743     5.6581 1.0000e-12 1.1030e+02 0.0000e+00
     28.000     5.6115    34.2138    26.9796     0.2959    6.93856     5.6138 1.0000e-12 1.0876e+02 0.0000e+00
     29.000     5.5468    34.2070    26.9820     0.2905    6.95444     5.5493 1.0000e-12 1.0762e+02 0.0000e+00
     30.000     5.4892    34.2030    26.9859     0.2864    6.95881     5.4914 1.0000e-12 1.1161e+02 0.0000e+00
     31.000     5.4601    34.1996    26.9867     0.2858    6.97014     5.4626 1.0000e-12 1.0833e+02 0.0000e+00
     32.000     5.4670    34.2566    27.0309     0.2508    6.95704     5.4695 1.0000e-12 1.1098e+02 0.0000e+00
     33.000     5.2400    34.2748    27.0723     0.2673    7.01444     5.2425 1.0000e-12 1.1063e+02 0.0000e+00
     34.000     5.1815    34.2935    27.0940     0.2108    6.97865     5.1841 1.0000e-12 1.0996e+02 0.0000e+00
     35.000     5.2856    34.3396    27.1183     0.2060    7.00534     5.2883 1.0000e-12 1.0824e+02 0.0000e+00
     36.000     5.2856    34.3514    27.1276     0.1875    7.00604     5.2884 1.0000e-12 1.1177e+02 0.0000e+00
     37.000     5.2792    34.3542    27.1307     0.1943    7.00641     5.2821 1.0000e-12 1.1049e+02 0.0000e+00
     38.000     5.2819    34.3625    27.1369     0.1829    6.99106     5.2849 1.0000e-12 1.1054e+02 0.0000e+00
     39.000     5.2910    34.3706    27.1422     0.1793    6.99942     5.2940 1.0000e-12 1.0930e+02 0.0000e+00
     40.000     5.3053    34.3783    27.1467     0.1882    6.99718     5.3085 1.0000e-12 1.1102e+02 0.0000e+00
     41.000     5.2890    34.4107    27.1743     0.1768    7.00401     5.2922 1.0000e-12 1.0795e+02 0.0000e+00
     42.000     5.2524    34.4283    27.1925     0.1705    6.99796     5.2557 1.0000e-12 1.0920e+02 0.0000e+00
     43.000     5.1408    34.4583    27.2294     0.1702    7.01573     5.1441 1.0000e-12 1.0936e+02 0.0000e+00
     44.000     5.0735    34.4731    27.2490     0.1629    7.00188     5.0769 1.0000e-12 1.0786e+02 0.0000e+00
     45.000     5.0265    34.4781    27.2584     0.1402    7.01054     5.0299 1.0000e-12 1.0745e+02 0.0000e+00
     46.000     4.9881    34.4803    27.2646     0.1281    7.00878     4.9916 1.0000e-12 1.0733e+02 0.0000e+00
     47.000     4.9603    34.4792    27.2670     0.1333    7.02058     4.9639 1.0000e-12 1.0908e+02 0.0000e+00
     48.000     4.9349    34.4831    27.2730     0.1153    7.02188     4.9386 1.0000e-12 1.0775e+02 0.0000e+00
     49.000     4.8632    34.5266    27.3156     0.1104    7.02557     4.8669 1.0000e-12 1.0534e+02 0.0000e+00
     50.000     4.7726    34.5517    27.3458     0.1100    7.03287     4.7764 1.0000e-12 1.0719e+02 0.0000e+00
     51.000     4.6743    34.5907    27.3878     0.1084    7.04004     4.6781 1.0000e-12 1.0794e+02 0.0000e+00
     52.000     4.4903    34.6987    27.4940     0.0767    7.05430     4.4941 1.0000e-12 1.0814e+02 0.0000e+00
     53.000     4.2979    34.7229    27.5341     0.0847    7.04771     4.3017 1.0000e-12 1.0699e+02 0.0000e+00
     54.000     4.0396    34.8025    27.6249     0.0596    7.06602     4.0432 1.0000e-12 1.0462e+02 0.0000e+00
     55.000     3.9346    34.8416    27.6670     0.0368    7.04821     3.9384 1.0000e-12 1.0703e+02 0.0000e+00
     56.000     3.7083    34.8558    27.7014     0.0117    7.06556     3.7121 1.0000e-12 1.0429e+02 0.0000e+00
     57.000     3.4306    34.8782    27.7469     0.0186    7.03598     3.4344 1.0000e-12 1.0296e+02 0.0000e+00
     58.000     3.2042    34.8862    27.7751    -0.0021    6.97854     3.2078 1.0000e-12 1.0621e+02 0.0000e+00
     59.000     3.0735    34.8937    27.7934     0.0034    6.91155     3.0771 1.0000e-12 1.0872e+02 0.0000e+00
     60.000     2.9362    34.8990    27.8103     0.0001    6.85465     2.9399 1.0000e-12 1.0559e+02 0.0000e+00
     61.000     2.7991    34.9033    27.8262    -0.0146    6.83454     2.8028 1.0000e-12 1.0737e+02 0.0000e+00
     62.000     2.6072    34.9104    27.8490    -0.0158    6.79973     2.6108 1.0000e-12 1.0694e+02 0.0000e+00
     63.000     2.4485    34.9151    27.8665    -0.0222    6.73974     2.4520 1.0000e-12 1.0562e+02 0.0000e+00
     64.000     2.2068    34.9199    27.8907    -0.0057    6.72539     2.2104 1.0000e-12 1.0586e+02 0.0000e+00
     65.000     1.9282    34.9296    27.9210    -0.0337    6.66960     1.9315 1.0000e-12 1.0548e+02 0.0000e+00
     66.000     1.8220    34.9306    27.9302    -0.0046    6.55123     1.8254 1.0000e-12 1.0493e+02 0.0000e+00
     67.000     1.7858    34.9293    27.9319    -0.0197    6.46109     1.7892 1.0000e-12 1.0516e+02 0.0000e+00
     68.000     1.7787    34.9272    27.9308    -0.0128    6.43074     1.7822 1.0000e-12 1.0417e+02 0.0000e+00
     69.000     1.7768    34.9252    27.9294    -0.0156    6.41457     1.7803 1.0000e-12 1.0376e+02 0.0000e+00
     70.000     1.7742    34.9239    27.9285    -0.0219    6.42234     1.7778 1.0000e-12 1.0303e+02 0.0000e+00
     71.000     1.7702    34.9229    27.9280    -0.0036    6.41446     1.7738 1.0000e-12 1.0183e+02 0.0000e+00
     72.000     1.7961    34.9179    27.9220    -0.0184    6.40674     1.7998 1.0000e-12 1.0136e+02 0.0000e+00
